73,74,75,75,74,73,73,73,73,72,71,69,68,67,67,67,
68,68,67,65,62,61,59,57,56,55,55,54,54,54,55,55,
55,55,55,55,54,53,51,50,49,49,52,61,77,101,132,
169,207,238,255,254,234,198,154,109,68,37,17,5,
0,1,6,13,20,28,36,45,52,57,61,64,65,66,67,68,68,
69,70,71,71,71,71,71,71,71,71,72,72,72,73,73,74,
75,75,76,77,78,79,80,81,82,83,84,86,88,91,93,96,
98,100,102,104,107,109,112,115,118,121,123,125,
126,127,127,127,127,127,126,125,124,121,119,116,
113,109,105,102,98,95,92,89,87,84,81,79,77,76,75,
74,73,72,70,69,68,67,67,67,68,68,68,69,69,69,69,
69,69,69,70,71,72,73,73,74,74,75,75,75,75,75,75,
74,74,73,73,73,73,72,72,72,71,71,71,71,71,71,71,
70,70,70,69,69,69,69,69,70,70,70,69,68,68,67,67,
67,67,66,66,66,65,65,65,65,65,65,65,65,64,64,63,
63,64,64,65,65,65,65,65,65,65,64,64,64,64,64,64,
64,64,65,65,65,66,67,68,69,71,72,73